<?xml version="1.0"?>
<opencv_storage>
<calibration_time>"Sun Oct  6 16:31:45 2019"</calibration_time>
<nr_of_frames>19</nr_of_frames>
<image_width>648</image_width>
<image_height>486</image_height>
<board_width>9</board_width>
<board_height>6</board_height>
<square_size>18.</square_size>
<fix_aspect_ratio>1.</fix_aspect_ratio>
<!-- flags: +fix_aspectRatio +fix_principal_point +zero_tangent_dist -->
<flags>14</flags>
<fisheye_model>0</fisheye_model>
<camera_matrix type_id="opencv-matrix">
  <rows>3</rows>
  <cols>3</cols>
  <dt>d</dt>
  <data>
    9.5935907834554882e+02 0. 324. 0. 9.5935907834554882e+02 243. 0. 0.
    1.</data></camera_matrix>
<distortion_coefficients type_id="opencv-matrix">
  <rows>5</rows>
  <cols>1</cols>
  <dt>d</dt>
  <data>
    -5.9781358627260961e-01 2.9300958138843547e+00 0. 0.
    -6.0428930783243942e+01</data></distortion_coefficients>
<avg_reprojection_error>1.8388207767374876e-01</avg_reprojection_error>
<per_view_reprojection_errors type_id="opencv-matrix">
  <rows>19</rows>
  <cols>1</cols>
  <dt>f</dt>
  <data>
    1.94670588e-01 1.65388688e-01 1.95264280e-01 1.61591619e-01
    2.42004901e-01 1.79956689e-01 1.18364684e-01 1.27289981e-01
    1.88535422e-01 2.26938441e-01 2.21228763e-01 2.06596851e-01
    2.16082513e-01 1.44669682e-01 1.74596354e-01 1.68103978e-01
    1.85585752e-01 1.58051983e-01 1.65313616e-01</data></per_view_reprojection_errors>
<!-- a set of 6-tuples (rotation vector + translation vector) for each view -->
<extrinsic_parameters type_id="opencv-matrix">
  <rows>19</rows>
  <cols>6</cols>
  <dt>d</dt>
  <data>
    -5.9432427345658778e-01 -1.7403526842436687e-01
    -3.0499519118682232e+00 1.2987530708051571e+02
    7.1869627429350317e+01 6.8234009650958853e+02
    -6.1048432483460169e-01 -1.5227086021452230e-01
    -3.0581879548093820e+00 1.3207695191649455e+02
    7.2575729691839314e+01 7.0102130031119270e+02
    -6.1021849757207325e-01 -1.5570344913079734e-01
    -3.0669595804808893e+00 1.3493629226502773e+02
    7.2058715735186439e+01 7.1961385031249893e+02
    -6.1688715372523406e-01 -1.6062476095178238e-01
    -3.0622347373515604e+00 1.3585141704197545e+02
    7.0987865656997499e+01 7.3222116419780605e+02
    -5.6966632265133743e-01 -1.7344048092827244e-01
    -3.0563936923390962e+00 1.2893306003220295e+02
    7.2535634615691990e+01 6.6575760062862889e+02
    -9.1434749886205391e-01 4.0505336790551780e-02
    -4.2527071226801131e-03 -5.2938315707434704e+01
    -1.4324233293228605e+00 6.4411752690338415e+02
    5.5742846340524221e-01 -2.7586010947737872e-02
    -3.0274979787020859e+00 1.1740433081265695e+02
    4.8785143401506744e+01 7.0191142605825394e+02 5.2809451113967543e-01
    -2.9944033026580906e-02 -3.0301766594120356e+00
    1.1745236903522139e+02 4.8353220810282430e+01 7.1097900234770339e+02
    2.4039818281445337e-05 7.2640666244066288e-02 3.1266350818542681e+00
    1.2340528711020247e+02 7.9090849608116557e+01 6.6615004847188868e+02
    2.7286610092730021e-02 7.5041821956390684e-02 3.1295393968143181e+00
    1.2267719707792769e+02 7.8919115230478212e+01 6.8487809096568390e+02
    4.0500539546064328e-02 1.0289464518708855e-01 3.1310363384743796e+00
    1.2182226807448974e+02 7.8573664555422098e+01 7.0224224336065936e+02
    5.1486001266451475e-02 1.5041107469140344e-01 3.1265365116558330e+00
    1.2214739397880865e+02 7.7985662546429552e+01 7.1850455263757021e+02
    5.4990723681218212e-02 1.5449416834172097e-01 3.1266698844803371e+00
    1.2280396309041436e+02 7.7443117493022598e+01 7.3587740943015319e+02
    1.9782326250926682e-01 2.0834532887781451e-01 2.5496947727786452e+00
    1.0640409996493173e+02 -1.8637440975369966e+01
    6.3311191775051998e+02 2.0188221127686889e-01 2.1700182914573951e-01
    2.5517819600135470e+00 1.0582866817316882e+02
    -1.8827353078799401e+01 6.4533705941419817e+02
    2.2180633959002266e-01 2.2371547773794362e-01 2.5543098656369807e+00
    1.0460880041477166e+02 -1.9209843460796080e+01
    6.5581855907106262e+02 2.3087117483270797e-01 2.3152060517024101e-01
    2.5562094206210708e+00 1.0329248424234204e+02
    -1.9553887121080859e+01 6.6872793957185888e+02
    -9.0472530687408403e-02 -1.5430298432482083e-02
    -1.5842740021273003e+00 -8.8513692623475499e+00
    6.8100195168710073e+01 6.6078381299158673e+02
    -1.0449115053549199e-01 -2.1755990288204855e-02
    -1.5723202354969779e+00 -9.1043321568273505e+00
    6.5075054695811858e+01 7.0404861962339623e+02</data></extrinsic_parameters>
