<?xml version="1.0"?>
<opencv_storage>
<calibration_time>"Mon Oct  7 15:02:58 2019"</calibration_time>
<nr_of_frames>24</nr_of_frames>
<image_width>648</image_width>
<image_height>486</image_height>
<board_width>9</board_width>
<board_height>6</board_height>
<square_size>18.</square_size>
<fix_aspect_ratio>1.</fix_aspect_ratio>
<!-- flags: +fix_aspectRatio +fix_principal_point +zero_tangent_dist -->
<flags>14</flags>
<fisheye_model>0</fisheye_model>
<camera_matrix type_id="opencv-matrix">
  <rows>3</rows>
  <cols>3</cols>
  <dt>d</dt>
  <data>
    9.3537287971029571e+02 0. 324. 0. 9.3537287971029571e+02 243. 0. 0.
    1.</data></camera_matrix>
<distortion_coefficients type_id="opencv-matrix">
  <rows>5</rows>
  <cols>1</cols>
  <dt>d</dt>
  <data>
    -8.3601200398724185e-01 4.4960438917496388e+00 0. 0.
    -2.4898124491207209e+01</data></distortion_coefficients>
<avg_reprojection_error>6.2421557376698933e-01</avg_reprojection_error>
<per_view_reprojection_errors type_id="opencv-matrix">
  <rows>24</rows>
  <cols>1</cols>
  <dt>f</dt>
  <data>
    4.00707155e-01 3.28397870e-01 2.11969927e-01 2.27718547e-01
    7.81427264e-01 6.08868599e-01 1.00283027e+00 1.20820928e+00
    1.28583491e+00 8.38090479e-01 5.99298835e-01 8.55600297e-01
    7.80930638e-01 2.57119209e-01 4.36154485e-01 2.23381221e-01
    2.06900954e-01 6.75406635e-01 3.49954784e-01 5.55959642e-01
    3.04158986e-01 1.31118357e-01 1.77448884e-01 3.23559493e-01</data></per_view_reprojection_errors>
<!-- a set of 6-tuples (rotation vector + translation vector) for each view -->
<extrinsic_parameters type_id="opencv-matrix">
  <rows>24</rows>
  <cols>6</cols>
  <dt>d</dt>
  <data>
    -5.5892837538319395e-01 -1.8301177278475400e-01
    -3.0636126403237580e+00 1.2524066051060225e+02
    7.5484590907963266e+01 5.6242076845605868e+02 1.4236064934023282e-02
    -2.1145444529518934e-01 -3.1334548888431084e+00
    1.1456511250982629e+02 8.3267269164561071e+01 4.9781923603595391e+02
    6.3224141423297608e-01 -7.3761767828993468e-03
    -3.0185704170583505e+00 1.0765433031918806e+02
    6.0266716316470848e+01 5.1389953447367373e+02 6.3471642652639837e-01
    6.6379039774778961e-03 -3.0192051913900078e+00
    1.0449986526500709e+02 6.3327155270164376e+01 4.8632863436707095e+02
    6.8693149882302573e-02 3.9133818196349240e-01 2.9049854015464532e-01
    -2.5708338662085776e+01 -1.1281791156136786e+02
    6.0893108208040780e+02 -5.9836161639283847e-01
    -1.8310650516174801e-01 -3.0734876371741162e+00
    1.2715289717669140e+02 8.0768891308800633e+01 4.7828248181563868e+02
    1.6191098841644685e-01 3.4005668941791045e-01 3.5959955916611580e-01
    -1.8185763346263801e+01 -1.2245778000401883e+02
    5.9422578475250270e+02 2.1626318774283304e-01 3.0235330997942683e-01
    4.4461804343973094e-01 -6.1614664974234783e+00
    -1.3352026241107856e+02 5.8330862194727615e+02
    2.1240934424154470e-01 2.8139563499002190e-01 5.4225620266223984e-01
    9.7603782015021636e+00 -1.4560672206935948e+02
    5.7914849547337701e+02 -3.7576179470340837e-01
    6.6929005089810056e-01 5.2330150943791254e-01 2.9373261656394952e+01
    -1.1278099533680903e+02 6.3214947529548590e+02
    -6.0579134112347632e-01 -2.0790787116763035e-01
    -3.0600747037248186e+00 1.2609101205243951e+02
    7.9196080394589856e+01 4.9649457393489672e+02
    -4.1937422213933251e-01 6.8408531689178476e-01
    4.0414033181218234e-01 1.7991921653304722e+01
    -9.7060813660160363e+01 6.4041443470433774e+02
    -4.4505670188966956e-01 6.8420719172655697e-01
    2.7383783464529127e-01 6.0884340900683762e+00
    -8.1686098064529773e+01 6.4859628102565875e+02
    -5.2057616035301435e-01 3.7550151105887880e-01
    -4.4977082409575325e-01 -7.0527095498131089e+01
    -9.0067067921471136e+00 6.4842212986476477e+02
    -3.1482042678831540e-01 7.4140771572079558e-02
    -3.9766507388665467e-01 -8.0363162096883684e+01
    -2.2242273431538159e+01 6.0840971668415000e+02
    -3.6859445293700904e-01 1.2273758870994735e-01
    -4.3619902067133692e-01 -8.0083691313450572e+01
    -1.8232956458822134e+01 6.1499301362308768e+02
    -4.6505009533847136e-01 2.7778013710436333e-01
    -4.5371235088340012e-01 -7.5719194362325823e+01
    -1.2520275813153184e+01 6.3625535809749977e+02
    1.6983565653740268e-01 3.7204854057307940e-01 2.6122015105795376e-01
    -2.1983867117681854e+01 -1.0915424073993792e+02
    6.0274873760923697e+02 1.2003288615468674e-01 5.1380743509038007e-01
    3.6197233019684411e-01 -7.7092950526757997e+00
    -1.1736398310175781e+02 6.2185473775808191e+02
    -5.8161475579383148e-01 -2.0404930028404947e-01
    -3.0582433881071727e+00 1.2575510878001420e+02
    7.7869331851559991e+01 5.2049469515191765e+02 3.5633176344912608e-02
    -2.0604023851512587e-01 -3.1307961645192131e+00
    1.1557466424403079e+02 8.2519963064247975e+01 5.0968520122236777e+02
    -4.2623038318279467e-02 1.8065677567696792e-01
    3.1262377572380489e+00 1.1329294123332626e+02 8.5383872397247160e+01
    4.7458407146519193e+02 -2.5900978211226500e-02
    1.9857159722533127e-01 3.1273008901751469e+00 1.1346755301619105e+02
    8.5199942211785583e+01 4.7966171506757615e+02
    -8.2694548877726599e-03 2.1349970231599968e-01
    3.1300010320884235e+00 1.1413862151689909e+02 8.4577576127385129e+01
    4.8725790343367322e+02</data></extrinsic_parameters>
