<?xml version="1.0"?>
<opencv_storage>
<calibration_time>"Mon Oct  7 13:57:43 2019"</calibration_time>
<nr_of_frames>27</nr_of_frames>
<image_width>648</image_width>
<image_height>486</image_height>
<board_width>9</board_width>
<board_height>6</board_height>
<square_size>18.</square_size>
<fix_aspect_ratio>1.</fix_aspect_ratio>
<!-- flags: +fix_aspectRatio +fix_principal_point +zero_tangent_dist -->
<flags>14</flags>
<fisheye_model>0</fisheye_model>
<camera_matrix type_id="opencv-matrix">
  <rows>3</rows>
  <cols>3</cols>
  <dt>d</dt>
  <data>
    8.5975353660145595e+02 0. 324. 0. 8.5975353660145595e+02 243. 0. 0.
    1.</data></camera_matrix>
<distortion_coefficients type_id="opencv-matrix">
  <rows>5</rows>
  <cols>1</cols>
  <dt>d</dt>
  <data>
    -1.6063212352926842e-01 -1.2234329410334446e+01 0. 0.
    1.1354212055109693e+02</data></distortion_coefficients>
<avg_reprojection_error>5.8148072731765899e-01</avg_reprojection_error>
<per_view_reprojection_errors type_id="opencv-matrix">
  <rows>27</rows>
  <cols>1</cols>
  <dt>f</dt>
  <data>
    4.81037825e-01 5.88045537e-01 7.18271375e-01 4.89820600e-01
    2.62119263e-01 1.88614234e-01 1.55919075e-01 6.47392869e-01
    5.65861523e-01 1.02136004e+00 4.61453587e-01 5.69650948e-01
    5.16927719e-01 3.21105093e-01 2.11121440e-01 2.34472513e-01
    4.36633438e-01 2.02949190e+00 5.86900413e-01 2.32119247e-01
    1.71707749e-01 2.15406299e-01 1.41134635e-01 1.51420325e-01
    1.20623641e-01 1.22700840e-01 1.47136301e-01</data></per_view_reprojection_errors>
<!-- a set of 6-tuples (rotation vector + translation vector) for each view -->
<extrinsic_parameters type_id="opencv-matrix">
  <rows>27</rows>
  <cols>6</cols>
  <dt>d</dt>
  <data>
    2.3474212155765650e-01 1.3995736589192259e-01 3.2798200441784553e-01
    2.2803535815681069e+01 -1.5739114747106882e+02
    8.9563523170836766e+02 2.2707229944109128e-01
    -6.5405795987316023e-02 1.2875413641459310e-01
    7.2934907103938338e+00 -1.3109141217647783e+02
    8.7092553060922990e+02 1.8387509390771739e-01
    -1.3108163386637040e-01 -1.1862994091511869e-01
    -5.4566544975397084e+00 -1.0041790684382299e+02
    8.6244815459360234e+02 1.5279602197022088e-01
    -1.5008577215710484e-01 -3.2806152297494862e-01
    -1.2291723475023943e+01 -7.2824851956511750e+01
    8.6148853983307890e+02 1.4853997766730036e-02
    -5.0270580891453330e-02 -5.5532981496501876e-01
    -1.2947694969471083e+01 -3.8072705989994645e+01
    9.0064089136059692e+02 -1.6922381665215075e-01
    1.8215307642332076e-01 -5.9373645562691102e-01
    -7.8273247070683025e+00 -2.7265840288824688e+01
    9.3714554503559111e+02 -3.0456236447962520e-01
    3.1089048445565193e-01 -6.1432388537490357e-01
    -3.8392069225984349e-01 -2.0612056504633031e+01
    9.5598813927897095e+02 1.5041126406784500e-01
    -2.3095406239016548e-03 -7.0962475389598642e-02
    1.2895045364134589e+01 -1.4269849999323628e+02
    8.9818301352418609e+02 -1.4746641790432158e-01
    1.6722046956061862e-01 -2.5346690861286597e-01
    6.9001938389342792e+00 -1.1743519932948115e+02
    9.1629539553640541e+02 8.0972252623351626e-01
    -1.3705520563857479e-01 9.0164411314948856e-01
    5.2056290886291052e+01 -1.4290319390523288e+02
    8.6259947010665962e+02 5.9590292272573886e-01
    -1.1923866389185042e-01 2.1042709761079806e-01
    -5.0291288816635262e+00 -1.1568673062589538e+02
    8.8273245362859711e+02 5.1375796365982063e-01
    -1.3518259322374979e-01 1.9322192942143163e-03
    -1.3272821576464054e+01 -9.7846738263164397e+01
    8.8828688199433907e+02 3.4079750492908367e-01
    -1.6156381105761794e-01 -2.0539381905531062e-01
    -2.0224451755607696e+01 -7.8268824120825698e+01
    8.9120520251559378e+02 1.4480376810542311e-01
    -1.8106038614971653e-01 -3.3160819857555779e-01
    -2.4625942174216728e+01 -6.3616471287019003e+01
    8.9236981893893812e+02 -1.2767987760017398e-02
    -1.6731207530061609e-01 -4.2462746587034145e-01
    -2.4253974283520144e+01 -4.9419040806967416e+01
    9.0216726414871641e+02 -1.7003632580516289e-02
    -1.0965856396843449e-01 -4.8554616473669343e-01
    -2.1773958525834825e+01 -3.4434033970949478e+01
    9.1252031690430226e+02 -4.2967988939245327e-01
    3.2022334977253847e-01 -5.0728040389646789e-01
    6.3263080828895486e+00 -6.6272106289401805e+01
    9.3457337679824809e+02 -2.6697202477483867e-01
    6.2785132998901316e-01 4.5548683789035438e-01 4.5531113616679079e+01
    -8.6636945025067760e+01 9.7677079215712274e+02
    -1.6394292442259761e-01 4.6528282982334918e-01
    4.2417240279639307e-01 3.4731024950164894e+01
    -9.3086693528405988e+01 9.6509516017772751e+02
    -4.1169636876575773e-02 3.2699996206316784e-01
    3.7630989744925530e-01 2.6454207400002982e+01
    -9.4854226057672150e+01 9.5280217496518389e+02
    6.8432615539550920e-02 1.7170882681638233e-01 3.1771805317576546e-01
    2.0405872793579054e+01 -9.4513006007315155e+01
    9.3789947009935133e+02 1.5909351676706038e-01 8.9108253040377186e-02
    2.7753416739033560e-01 1.9781764422675231e+01
    -9.4182026542599758e+01 9.2142454534505998e+02
    1.8718833620739114e-01 -3.2498753023056715e-02
    2.3420709931666311e-01 1.8438715060627505e+01
    -9.1019501577144993e+01 9.0951287787391107e+02
    2.5045161193300497e-01 -1.2048569177277049e-01
    1.8818332381079844e-01 1.5483510652799088e+01
    -8.4332291262607384e+01 8.9357380895619440e+02
    1.2140030321836082e-01 -2.7630185793586598e-01
    -2.8389024927388395e-01 -3.0215120203480832e+00
    -4.4692169778832081e+01 8.7966494887772546e+02
    8.4837539348710064e-02 -2.0325860864407769e-01
    -2.9415042850183409e-01 -7.2539748406335329e+00
    -4.1882940100388652e+01 8.8600887196575366e+02
    4.5954758164750795e-02 -9.3809769885383254e-02
    -2.8880927078357221e-01 -1.2511786829684045e+01
    -4.0697844723143291e+01 8.9598570293529701e+02</data></extrinsic_parameters>
