<?xml version="1.0"?>
<opencv_storage>
<calibration_time>"Sun Oct  6 16:47:11 2019"</calibration_time>
<nr_of_frames>18</nr_of_frames>
<image_width>648</image_width>
<image_height>486</image_height>
<board_width>9</board_width>
<board_height>6</board_height>
<square_size>18.</square_size>
<fix_aspect_ratio>1.</fix_aspect_ratio>
<!-- flags: +fix_aspectRatio +fix_principal_point +zero_tangent_dist -->
<flags>14</flags>
<fisheye_model>0</fisheye_model>
<camera_matrix type_id="opencv-matrix">
  <rows>3</rows>
  <cols>3</cols>
  <dt>d</dt>
  <data>
    9.6592262215590836e+02 0. 324. 0. 9.6592262215590836e+02 243. 0. 0.
    1.</data></camera_matrix>
<distortion_coefficients type_id="opencv-matrix">
  <rows>5</rows>
  <cols>1</cols>
  <dt>d</dt>
  <data>
    -5.7046579447818935e-01 9.9016016549532437e-01 0. 0.
    -3.7612134065456438e+01</data></distortion_coefficients>
<avg_reprojection_error>1.7213479110125146e-01</avg_reprojection_error>
<per_view_reprojection_errors type_id="opencv-matrix">
  <rows>18</rows>
  <cols>1</cols>
  <dt>f</dt>
  <data>
    1.96662143e-01 1.62248060e-01 2.02749744e-01 1.68080911e-01
    2.19349325e-01 1.73204988e-01 1.17927469e-01 1.17401890e-01
    1.28486469e-01 1.86886132e-01 2.13818684e-01 1.43939868e-01
    1.75286025e-01 1.67508647e-01 1.84535116e-01 1.57675326e-01
    1.74155638e-01 1.65173069e-01</data></per_view_reprojection_errors>
<!-- a set of 6-tuples (rotation vector + translation vector) for each view -->
<extrinsic_parameters type_id="opencv-matrix">
  <rows>18</rows>
  <cols>6</cols>
  <dt>d</dt>
  <data>
    -5.9357707922916780e-01 -1.7342790151104825e-01
    -3.0500985085483165e+00 1.2988967601866207e+02
    7.1877456072150991e+01 6.8717389033073232e+02
    -6.0971775351591206e-01 -1.5153863288277888e-01
    -3.0583450451876955e+00 1.3209232969689376e+02
    7.2584313985802964e+01 7.0598890262250234e+02
    -6.0936734657893421e-01 -1.5497446708636906e-01
    -3.0671353865379634e+00 1.3495343290903352e+02
    7.2067505654118335e+01 7.2471984516578721e+02
    -6.1600132869017532e-01 -1.5997908810914011e-01
    -3.0624187993340044e+00 1.3586927460813166e+02
    7.0996176310459944e+01 7.3742184731842224e+02
    -9.0900542602411150e-01 3.0122227210438109e-02
    -7.6246450035519107e-03 -5.4864452266383111e+01
    -2.0253405773695055e+00 6.0172206231665291e+02
    -9.1414438734717418e-01 4.0256525348966565e-02
    -4.3376774644873677e-03 -5.2946027087926268e+01
    -1.4385827461906222e+00 6.4826942323395122e+02
    6.0258265943341394e-01 -3.9982385793170816e-02
    -3.0240347865299531e+00 1.1711388164702882e+02
    5.0360318703714540e+01 6.8986432574228184e+02 5.5789882196349083e-01
    -2.7610197122308475e-02 -3.0274143019623820e+00
    1.1739066960352343e+02 4.8785158365345652e+01 7.0661608712688292e+02
    5.2855551749494933e-01 -2.9971954653813887e-02
    -3.0300986209702683e+00 1.1743960727247014e+02
    4.8353335941490478e+01 7.1575908281189288e+02 2.8892165591076083e-03
    7.6215469933313296e-02 3.1265760021923215e+00 1.2339914807801799e+02
    7.9082184385532273e+01 6.7053333548919511e+02 5.6498857982282262e-02
    1.5942117360884067e-01 3.1264818174960225e+00 1.2278705604192982e+02
    7.7421027338747777e+01 7.4074279539203121e+02 1.9820595756209503e-01
    2.0885833450085967e-01 2.5496420088628504e+00 1.0639905353168709e+02
    -1.8640170085068956e+01 6.3754897691095005e+02
    2.0214732904724611e-01 2.1748629997100069e-01 2.5517314467000256e+00
    1.0582524069306572e+02 -1.8830301646217350e+01
    6.4987659063981459e+02 2.2202505199997397e-01 2.2415525477405118e-01
    2.5542603155558652e+00 1.0460604421286057e+02
    -1.9212803863800307e+01 6.6044724929964843e+02
    2.3102700492926176e-01 2.3193571066644861e-01 2.5561610190903146e+00
    1.0329071918537296e+02 -1.9556982519102970e+01
    6.7346184413456206e+02 -9.1172414216383085e-02
    -1.5432937485906378e-02 -1.5842688592426089e+00
    -8.8526579131563210e+00 6.8099697980856959e+01
    6.6538424537866479e+02 -9.9913669672242744e-02
    -1.6606688641852649e-02 -1.5822373063698871e+00
    -8.6298286196884106e+00 6.7816266773296334e+01
    6.7628075778077744e+02 -1.0501752371559138e-01
    -2.2028339319714995e-02 -1.5723154516599067e+00
    -9.1056406159701133e+00 6.5073746268185701e+01
    7.0894006290195364e+02</data></extrinsic_parameters>
