<?xml version="1.0"?>
<opencv_storage>
<calibration_time>"Sun Oct  6 14:34:35 2019"</calibration_time>
<nr_of_frames>31</nr_of_frames>
<image_width>648</image_width>
<image_height>486</image_height>
<board_width>9</board_width>
<board_height>6</board_height>
<square_size>18.</square_size>
<fix_aspect_ratio>1.</fix_aspect_ratio>
<!-- flags: +fix_aspectRatio +fix_principal_point +zero_tangent_dist -->
<flags>14</flags>
<fisheye_model>0</fisheye_model>
<camera_matrix type_id="opencv-matrix">
  <rows>3</rows>
  <cols>3</cols>
  <dt>d</dt>
  <data>
    9.0539025582880947e+02 0. 324. 0. 9.0539025582880947e+02 243. 0. 0.
    1.</data></camera_matrix>
<distortion_coefficients type_id="opencv-matrix">
  <rows>5</rows>
  <cols>1</cols>
  <dt>d</dt>
  <data>
    -7.3664216461368737e-01 3.9930259219932012e+00 0. 0.
    -2.5728996270463522e+01</data></distortion_coefficients>
<avg_reprojection_error>4.8482913392641519e-01</avg_reprojection_error>
<per_view_reprojection_errors type_id="opencv-matrix">
  <rows>31</rows>
  <cols>1</cols>
  <dt>f</dt>
  <data>
    5.21278918e-01 4.10720676e-01 9.73813176e-01 1.19324291e+00
    1.27383339e+00 5.52623272e-01 5.54475605e-01 5.18791914e-01
    4.09435004e-01 3.72140706e-01 1.90673828e-01 1.82222575e-01
    1.77479625e-01 2.44329914e-01 2.30207339e-01 3.44137788e-01
    1.35254472e-01 1.93821594e-01 3.50618988e-01 3.53167117e-01
    3.17357987e-01 3.73174191e-01 4.49230939e-01 4.29622859e-01
    4.12024140e-01 3.97930801e-01 1.06465019e-01 1.34632736e-01
    1.15601406e-01 1.11533247e-01 1.34442523e-01</data></per_view_reprojection_errors>
<!-- a set of 6-tuples (rotation vector + translation vector) for each view -->
<extrinsic_parameters type_id="opencv-matrix">
  <rows>31</rows>
  <cols>6</cols>
  <dt>d</dt>
  <data>
    -1.3320245525754859e-01 -4.0204627949721031e-02
    -3.8573513110830437e-01 -9.3141285750124098e+01
    -3.4673454946158728e+01 5.7825659566006732e+02
    -2.5077385896647753e-01 5.8505411435037916e-02
    -4.2472078958012405e-01 -9.5863127982193589e+01
    -2.7943566352496614e+01 5.9325200728135667e+02
    1.6629979495152625e-01 3.3780540578667140e-01 3.5994718636699274e-01
    -1.8234385234278427e+01 -1.2253466994305084e+02
    5.7646506061682442e+02 2.2206538559592184e-01 3.0043094944134052e-01
    4.4481906114235481e-01 -6.2064915196227579e+00
    -1.3356231455187955e+02 5.6564509107825097e+02
    2.1984690526920350e-01 2.7912532886563168e-01 5.4230937948858293e-01
    9.7106017865055598e+00 -1.4564340087107581e+02
    5.6154554163854482e+02 -6.0090453947550104e-01
    -1.8824562483248850e-01 -3.0729323552280663e+00
    1.2709256236524529e+02 8.0709692816339214e+01 4.6280954369646577e+02
    -6.0842152860850318e-01 -2.1260454805854953e-01
    -3.0594683819290047e+00 1.2603300275053832e+02
    7.9139864738308049e+01 4.8051502805487274e+02
    -5.8395659664464161e-01 -2.0841579216764711e-01
    -3.0577149182898951e+00 1.2571000617098271e+02
    7.7821368504897194e+01 5.0386817481238575e+02
    -5.7070677499727340e-01 -1.9023224161085503e-01
    -3.0622237872376359e+00 1.2541985734275420e+02
    7.6304632116732762e+01 5.2487048986214211e+02
    -5.6086139359294940e-01 -1.8715346487857124e-01
    -3.0631802562006625e+00 1.2520661289071455e+02
    7.5444569448195182e+01 5.4455784888981020e+02
    -8.5341910060223070e-01 4.1290813333818149e-02
    -1.2571137763520517e-02 -5.8242222775721160e+01
    3.8863369960719925e+00 4.4349104171699355e+02
    -8.5112610808799649e-01 3.7173040071883587e-02
    -1.2939477234951570e-02 -5.8119448808606634e+01
    3.6846213088939557e+00 4.4218458164299676e+02
    -8.5339700051795364e-01 4.1125941540191682e-02
    -1.2926144526351782e-02 -5.8123315449811422e+01
    3.9719941116791588e+00 4.4290231025611035e+02 6.3169158266042003e-01
    6.6336709137168517e-03 -3.0196571289599947e+00
    1.0459071975078696e+02 6.3343901922838526e+01 4.7218442337409681e+02
    6.2958935653715276e-01 -7.2202718282976443e-03
    -3.0189796426375715e+00 1.0773383137435178e+02
    6.0277280978762867e+01 4.9884650095949058e+02 1.0753370238532978e+00
    -3.5097508166822153e-02 -2.9388410259654272e+00
    8.6029033430367107e+01 7.4509379377310708e+01 4.8239221559301211e+02
    -4.2605450520634337e-02 1.7426811435726325e-01
    3.1265281237587579e+00 1.1330008562745459e+02 8.5409094447367380e+01
    4.6021444517066664e+02 -2.6133068087206689e-02
    1.9031899067453675e-01 3.1276928781444977e+00 1.1347881431159608e+02
    8.5235955920628641e+01 4.6518675140057428e+02
    -9.0896651240173487e-03 2.0152197936584099e-01
    3.1305948002364312e+00 1.1415836497027138e+02 8.4634088791730065e+01
    4.7267555996011527e+02 1.5810914448823179e-02
    -1.9851353645813036e-01 -3.1344879365826217e+00
    1.1458632523235828e+02 8.3328144382611924e+01 4.8297462515432471e+02
    3.6887995120708457e-02 -1.9457596792869711e-01
    -3.1316599481462108e+00 1.1559017460355801e+02
    8.2570785039393996e+01 4.9443829297797703e+02 1.1827826737696688e-01
    1.9524350896512616e-01 2.5571018503149112e+00 1.1339754080575922e+02
    -1.8588766527934968e+01 4.6828966639197682e+02
    1.0234810403873455e-01 1.5034963365782264e-01 2.5481556966350398e+00
    1.1695122976793348e+02 -1.4834126435044739e+01
    4.3156921561092048e+02 1.0667321901641882e-01 1.7117120784258208e-01
    2.5538017572928391e+00 1.1619656071505980e+02
    -1.5704330993456141e+01 4.3948403261415285e+02
    1.1474118166132136e-01 1.6735688362390483e-01 2.5553755821369268e+00
    1.1505634962499128e+02 -1.6532808833275325e+01
    4.4845152852183901e+02 1.1716203912602557e-01 1.7584686862918039e-01
    2.5563063628661915e+00 1.1411784652688779e+02
    -1.7361746915675873e+01 4.5839569681180313e+02
    -5.5107094847190910e-02 -4.9785649764366231e-02
    -1.6136543610135667e+00 1.8460507826945902e+00
    7.3537605088459145e+01 4.9545431326516342e+02
    -4.8301915525422033e-02 -3.8241383714023934e-02
    -1.6168007759456606e+00 1.5781905807396759e+00
    7.3789993778170583e+01 5.0556093406391642e+02
    -4.0427620444963196e-02 -2.9714106930909472e-02
    -1.6201340008198057e+00 1.4459402015477492e+00
    7.4065152894187449e+01 5.1709725807073607e+02
    -3.2309918252601502e-02 -2.8757157322881796e-02
    -1.6204932474925839e+00 1.3201738904860170e+00
    7.4062184826040237e+01 5.2914098501813396e+02
    -4.3152886678146443e-02 -1.6722996111306464e-02
    -1.6176710636350227e+00 3.1570782362400179e-01
    7.3873092134825427e+01 5.4130055896291765e+02</data></extrinsic_parameters>
