<?xml version="1.0"?>
<opencv_storage>
<calibration_time>"Mon Oct  7 15:15:38 2019"</calibration_time>
<nr_of_frames>27</nr_of_frames>
<image_width>648</image_width>
<image_height>486</image_height>
<board_width>9</board_width>
<board_height>6</board_height>
<square_size>18.</square_size>
<fix_aspect_ratio>1.</fix_aspect_ratio>
<!-- flags: +fix_aspectRatio +fix_principal_point +zero_tangent_dist -->
<flags>14</flags>
<fisheye_model>0</fisheye_model>
<camera_matrix type_id="opencv-matrix">
  <rows>3</rows>
  <cols>3</cols>
  <dt>d</dt>
  <data>
    9.3037871100003031e+02 0. 324. 0. 9.3037871100003031e+02 243. 0. 0.
    1.</data></camera_matrix>
<distortion_coefficients type_id="opencv-matrix">
  <rows>5</rows>
  <cols>1</cols>
  <dt>d</dt>
  <data>
    -7.9060895929933861e-01 6.1440079198274260e+00 0. 0.
    -5.1347984800971354e+01</data></distortion_coefficients>
<avg_reprojection_error>5.3557189754180490e-01</avg_reprojection_error>
<per_view_reprojection_errors type_id="opencv-matrix">
  <rows>27</rows>
  <cols>1</cols>
  <dt>f</dt>
  <data>
    3.65594625e-01 3.44686806e-01 2.04961568e-01 2.32133880e-01
    7.02541471e-01 1.01422560e+00 1.23157394e+00 1.31154120e+00
    8.19037914e-01 8.06558728e-01 2.17991292e-01 1.80934563e-01
    2.01814935e-01 1.13410421e-01 1.05632573e-01 4.01968449e-01
    1.31269842e-01 1.10906564e-01 2.74750322e-01 3.71948898e-01
    2.79236704e-01 4.30378675e-01 4.04841274e-01 3.06904316e-01
    3.85508388e-01 2.04961568e-01 2.32133880e-01</data></per_view_reprojection_errors>
<!-- a set of 6-tuples (rotation vector + translation vector) for each view -->
<extrinsic_parameters type_id="opencv-matrix">
  <rows>27</rows>
  <cols>6</cols>
  <dt>d</dt>
  <data>
    -5.6010835334647247e-01 -1.8631317738398953e-01
    -3.0632846504667413e+00 1.2522345286099544e+02
    7.5457385817454892e+01 5.6051066450889573e+02 1.8789112684346177e-02
    -2.0700050562553224e-01 -3.1339273888361556e+00
    1.1458582202376913e+02 8.3297868799276642e+01 4.9647230527413228e+02
    6.3600694333010066e-01 -6.3042806992265124e-03
    -3.0177782858926574e+00 1.0754622010304770e+02
    6.0249727608834590e+01 5.1200935065978445e+02 6.3806647298627595e-01
    7.7656537607671246e-03 -3.0184842585922405e+00
    1.0440181286767918e+02 6.3307932255335217e+01 4.8460586120046639e+02
    -1.2628706043939189e-01 5.0700501240109352e-01
    1.9962888960302161e-01 -2.8678853653182607e+01
    -9.2444710938696119e+01 6.3581654675318009e+02
    1.6422511298461351e-01 3.3723632416491112e-01 3.5957788099101262e-01
    -1.8223843695105760e+01 -1.2250567484095885e+02
    5.9237702524073859e+02 2.2016203634251091e-01 2.9943376672864208e-01
    4.4445581691739888e-01 -6.2021520538419299e+00
    -1.3354676891069940e+02 5.8150929371915424e+02
    2.1769802964244719e-01 2.7814112377908323e-01 5.4192784077863843e-01
    9.7111582390962017e+00 -1.4562878858781286e+02
    5.7739601256938806e+02 -2.0355230948498340e-01
    5.8610024877684708e-01 6.9798565190748973e-01 4.4670802318570765e+01
    -1.4526556255915207e+02 6.0703037869154048e+02
    -3.0135865926704719e-01 6.4401503431783125e-01
    6.2023008435193905e-01 3.8423820269773621e+01
    -1.2930411482062368e+02 6.2080932236296223e+02
    -3.6813628447330049e-01 1.2224504873417172e-01
    -4.3623525629450915e-01 -8.0098748910948842e+01
    -1.8244228514580108e+01 6.1224857198443965e+02
    -4.2254459476953532e-01 1.9168928599328083e-01
    -4.5009051143337925e-01 -7.8676725150127993e+01
    -1.5622468175694991e+01 6.2139266282196570e+02
    -4.6465974302786078e-01 2.7740620232296487e-01
    -4.5375522914409600e-01 -7.5740998374264649e+01
    -1.2531616223153318e+01 6.3348348458127873e+02
    -2.9572889394264935e-02 -3.2426789228305962e-02
    -1.6204737184704920e+00 1.3289976210066134e+00
    7.4057789126046046e+01 5.4377583586792707e+02
    -5.2658448002138009e-02 -5.3934789657952682e-02
    -1.6136155876559044e+00 1.8575902368602966e+00
    7.3527950912718893e+01 5.0918911336060756e+02
    -5.7013113702876816e-01 -1.8908083381872198e-01
    -3.0623197474701480e+00 1.2543043972022129e+02
    7.6317677410200758e+01 5.4023182315336862e+02
    -4.5790837749828700e-02 -4.2117928406418724e-02
    -1.6167769518328319e+00 1.5881896236986517e+00
    7.3783101946883264e+01 5.1956972557601091e+02
    -3.7721512938010258e-02 -3.3547990440257740e-02
    -1.6201143001358460e+00 1.4548720599686438e+00
    7.4059608247299266e+01 5.3140292789915429e+02 1.0638413398657924e+00
    -2.8346410108573219e-02 -2.9346079227069217e+00
    8.8539276467684573e+01 7.4263627001056463e+01 5.1976061024376384e+02
    1.1414063042899836e-01 1.7909403269107654e-01 2.5561256363896327e+00
    1.1414092950137747e+02 -1.7379112226518743e+01
    4.7162392798264489e+02 7.6340901175072168e-02 1.3450660262211900e-01
    2.5440709637969783e+00 1.1739624762252011e+02
    -1.4194268287514534e+01 4.3804079570369242e+02
    1.0004411821583092e-01 1.5478299003827956e-01 2.5479728183211048e+00
    1.1696197817957209e+02 -1.4852556699120029e+01
    4.4392845034763479e+02 1.0394831636208701e-01 1.7504998695031682e-01
    2.5535961715899198e+00 1.1621308185537735e+02
    -1.5722161574024433e+01 4.5212197336165480e+02
    4.1492467657093177e-02 -1.9964883798422894e-01
    -3.1313508075650538e+00 1.1559340846066846e+02
    8.2558488325277210e+01 5.0840459492757964e+02 1.1203029122003794e-01
    1.7090757551511920e-01 2.5551956550091046e+00 1.1507503110386698e+02
    -1.6550504308423619e+01 4.6136777509190290e+02
    6.3600694333010044e-01 -6.3042806992266755e-03
    -3.0177782858926578e+00 1.0754622010304770e+02
    6.0249727608834590e+01 5.1200935065978445e+02 6.3806647298627606e-01
    7.7656537607671376e-03 -3.0184842585922405e+00
    1.0440181286767918e+02 6.3307932255335217e+01 4.8460586120046639e+02</data></extrinsic_parameters>
