<?xml version="1.0"?>
<opencv_storage>
<calibration_time>"Mon Oct  7 13:17:47 2019"</calibration_time>
<nr_of_frames>23</nr_of_frames>
<image_width>648</image_width>
<image_height>486</image_height>
<board_width>9</board_width>
<board_height>6</board_height>
<square_size>18.</square_size>
<fix_aspect_ratio>1.</fix_aspect_ratio>
<!-- flags: +fix_aspectRatio +fix_principal_point +zero_tangent_dist -->
<flags>14</flags>
<fisheye_model>0</fisheye_model>
<camera_matrix type_id="opencv-matrix">
  <rows>3</rows>
  <cols>3</cols>
  <dt>d</dt>
  <data>
    1.0663258974117127e+03 0. 324. 0. 1.0663258974117127e+03 243. 0. 0.
    1.</data></camera_matrix>
<distortion_coefficients type_id="opencv-matrix">
  <rows>5</rows>
  <cols>1</cols>
  <dt>d</dt>
  <data>
    -7.9921325237967789e-01 7.5274043233687502e+00 0. 0.
    -8.4026550460940172e+01</data></distortion_coefficients>
<avg_reprojection_error>4.1359691895475725e-01</avg_reprojection_error>
<per_view_reprojection_errors type_id="opencv-matrix">
  <rows>23</rows>
  <cols>1</cols>
  <dt>f</dt>
  <data>
    4.18879092e-01 7.47282267e-01 2.31447577e-01 1.38361856e-01
    1.69877857e-01 8.05809498e-01 5.74198425e-01 1.04569566e+00
    4.27146256e-01 4.35304344e-01 3.28929067e-01 1.90875694e-01
    2.18343094e-01 2.16090083e-01 1.87443137e-01 4.01746333e-01
    1.67106181e-01 2.88159490e-01 1.49295196e-01 1.71815947e-01
    1.28038198e-01 1.01641133e-01 1.71733007e-01</data></per_view_reprojection_errors>
<!-- a set of 6-tuples (rotation vector + translation vector) for each view -->
<extrinsic_parameters type_id="opencv-matrix">
  <rows>23</rows>
  <cols>6</cols>
  <dt>d</dt>
  <data>
    1.9751635097060444e-01 3.4130795954226029e-01 4.6212493108066011e-01
    3.8839281101967686e+01 -1.7244846232321430e+02
    1.1232731759043229e+03 1.6961044568408720e-01
    -1.5126076713382139e-01 -1.1646502873981052e-01
    -5.2450715989613004e+00 -1.0061612185327380e+02
    1.0700865280396988e+03 1.6153069491967889e-02
    -6.6448970069339114e-02 -5.5505608718533384e-01
    -1.2912658654102898e+01 -3.8075493390715408e+01
    1.1141091511502921e+03 -1.7838979419321058e-01
    1.7127931458932935e-01 -5.9467776549448548e-01
    -7.9955457722884811e+00 -2.7090389006623614e+01
    1.1536307110344499e+03 -3.0917967138942903e-01
    2.9410187218834227e-01 -6.1698874249296731e-01
    -7.9741816679864685e-01 -2.0380550279119849e+01
    1.1736537709176816e+03 1.1781766100433053e-01
    -1.3555614402745564e-01 1.2162456102071247e-01
    2.2067627685375488e+01 -1.6344587300627580e+02
    1.1211597800304307e+03 -1.6229222753459929e-01
    1.4084505251239773e-01 -2.5661476284076812e-01
    6.6776555409174208e+00 -1.1725487215337770e+02
    1.1315545017012771e+03 7.8751044038223628e-01
    -1.4196475184973939e-01 9.0724559886281642e-01
    5.2760435140573875e+01 -1.4396919784323080e+02
    1.0811467744892743e+03 7.0344173523622178e-01
    -1.3995558964504512e-01 8.5347741908373842e-01
    4.9194035060549979e+01 -1.4647356392439769e+02
    1.0812613847410787e+03 6.3873425744594015e-01
    -1.2589303953770953e-01 7.5334954096333784e-01
    3.8630263179487990e+01 -1.4762929228608078e+02
    1.0841939141564903e+03 1.4266877052444837e-01
    -1.9497424979061376e-01 -3.2998694043849081e-01
    -2.4471736523248261e+01 -6.3693008354983739e+01
    1.1069662657299077e+03 -1.5466684982004634e-02
    -1.7900460335405899e-01 -4.2419336438876043e-01
    -2.4181499405804388e+01 -4.9464209792327729e+01
    1.1185599793487618e+03 -1.7119132574165523e-02
    -1.1976764618051970e-01 -4.8540716804182227e-01
    -2.1730162853132686e+01 -3.4446595308881633e+01
    1.1305432025329133e+03 -1.8155876755130132e-01
    1.3894633451017427e-01 -5.4616497167356126e-01
    -2.0544033008399190e+01 -1.7385606798726965e+01
    1.1706512080621858e+03 -4.4137516688162709e-01
    2.0779386585080703e-01 -5.7429266291465109e-01
    -1.9994355396523002e+01 -8.2113716958876353e+00
    1.1898193576664471e+03 -4.3995332777919621e-01
    3.0027310707118193e-01 -5.1318795099601189e-01
    5.8522047576907923e+00 -6.5735065259954368e+01
    1.1479361157608114e+03 5.9540276858916788e-02 1.6881649754990230e-01
    3.1733154466049979e-01 2.0350636399338491e+01
    -9.4418494027660799e+01 1.1579252617983045e+03
    -3.2117528659639551e-02 2.7488780151003891e-02
    2.8310193567541780e-01 2.0443643523179638e+01
    -9.4765995102524613e+01 1.1480536286123497e+03
    1.8596551700817893e-01 -4.9931320499466358e-02
    2.3542242370878089e-01 1.8545272293785935e+01
    -9.0975308387992911e+01 1.1262741949532831e+03
    2.4790619772237876e-01 -1.3780148321981953e-01
    1.9031944277428911e-01 1.5710892226290593e+01
    -8.4349603564463933e+01 1.1084744390666660e+03
    1.2138807332362214e-01 -2.9126962257271077e-01
    -2.8233295477688569e-01 -2.7738525009636903e+00
    -4.4770260424405691e+01 1.0931154912008583e+03
    8.6023991676037345e-02 -2.1741403734656742e-01
    -2.9311041765066465e-01 -7.0826655291417984e+00
    -4.1922759777732672e+01 1.0994824639039271e+03
    -2.8616066842395652e-02 1.5846305723943455e-01
    -2.7862200126487502e-01 -1.3174865582270847e+01
    -3.7770927395458024e+01 1.1340582882284234e+03</data></extrinsic_parameters>
