<?xml version="1.0"?>
<opencv_storage>
<calibration_time>"Mon Oct  7 13:38:25 2019"</calibration_time>
<nr_of_frames>26</nr_of_frames>
<image_width>648</image_width>
<image_height>486</image_height>
<board_width>9</board_width>
<board_height>6</board_height>
<square_size>18.</square_size>
<fix_aspect_ratio>1.</fix_aspect_ratio>
<!-- flags: +fix_aspectRatio +fix_principal_point +zero_tangent_dist -->
<flags>14</flags>
<fisheye_model>0</fisheye_model>
<camera_matrix type_id="opencv-matrix">
  <rows>3</rows>
  <cols>3</cols>
  <dt>d</dt>
  <data>
    9.1633418047024111e+02 0. 324. 0. 9.1633418047024111e+02 243. 0. 0.
    1.</data></camera_matrix>
<distortion_coefficients type_id="opencv-matrix">
  <rows>5</rows>
  <cols>1</cols>
  <dt>d</dt>
  <data>
    -2.6899050619083875e-01 -1.3774207931217015e+01 0. 0.
    1.8063075077251418e+02</data></distortion_coefficients>
<avg_reprojection_error>6.5074037824431763e-01</avg_reprojection_error>
<per_view_reprojection_errors type_id="opencv-matrix">
  <rows>26</rows>
  <cols>1</cols>
  <dt>f</dt>
  <data>
    4.64306533e-01 4.32183623e-01 4.84846711e-01 5.97037494e-01
    7.23896682e-01 8.79181743e-01 6.43140078e-01 1.02407503e+00
    4.38519180e-01 4.43824351e-01 5.15775144e-01 5.95997751e-01
    4.12283897e-01 4.59464610e-01 5.73205590e-01 5.21547735e-01
    2.33532950e-01 2.23131865e-01 4.13773358e-01 2.05300307e+00
    5.84901571e-01 1.90093666e-01 3.66161674e-01 4.85671222e-01
    1.12030491e-01 1.16269656e-01</data></per_view_reprojection_errors>
<!-- a set of 6-tuples (rotation vector + translation vector) for each view -->
<extrinsic_parameters type_id="opencv-matrix">
  <rows>26</rows>
  <cols>6</cols>
  <dt>d</dt>
  <data>
    2.0717532512083736e-01 3.4784009044192782e-01 4.6413274626478451e-01
    3.8886406089037614e+01 -1.7254089761157329e+02
    9.6620588326055997e+02 5.7901295287051339e-02 4.7221207684530897e-01
    2.9463573210476252e-01 3.6578857053172754e+01
    -1.7745805498355517e+02 1.0119854604030586e+03
    2.2727629811517827e-01 1.3917818953951472e-01 3.2815338866332766e-01
    2.2839778245397682e+01 -1.5743969022539889e+02
    9.5439666591512002e+02 2.2188263084939699e-01
    -7.2860498393131135e-02 1.2927338938344188e-01
    7.3509425550165686e+00 -1.3110267449993799e+02
    9.2786181609368202e+02 1.8176796878669157e-01
    -1.3711092292671628e-01 -1.1805099760173897e-01
    -5.4067492660875791e+00 -1.0042287390775157e+02
    9.1881986264176840e+02 1.3957725500940812e-01
    -1.1381017764882223e-01 1.2012167360149555e-01
    2.1855437106216158e+01 -1.6324871587675378e+02
    9.6225198869323060e+02 1.3805832819529643e-01
    -1.7539561062033977e-02 -7.0622835125506100e-02
    1.2964402489632409e+01 -1.4272412545187561e+02
    9.5665701391059554e+02 8.0201640280475639e-01
    -1.3916091736572087e-01 9.0344946924089498e-01
    5.2293063793510548e+01 -1.4324705236896853e+02
    9.2226653819692774e+02 7.1745258449148597e-01
    -1.3631552117595055e-01 8.4995885278831718e-01
    4.8772387197596530e+01 -1.4584286487445166e+02
    9.2311629372142784e+02 6.5230699661295721e-01
    -1.2186259093349999e-01 7.5024884368654188e-01
    3.8270017748675045e+01 -1.4705781133333409e+02
    9.2631938468992632e+02 6.1808771744109836e-01
    -1.1462842206665705e-01 5.9190993041202655e-01
    2.2972048543625089e+01 -1.4191677854461483e+02
    9.3202471839881161e+02 6.1915043296593386e-01
    -1.1242797424104289e-01 4.0677317329729279e-01
    7.4326102694133755e+00 -1.2994500854059348e+02
    9.3537881298867546e+02 -3.3323623944530051e-01
    2.2601055597910413e-01 -4.0349266119351207e-01
    2.6259570328218595e+00 -8.9781508783846547e+01
    9.7964483790379472e+02 5.9115063079443453e-01
    -1.2344158228523459e-01 2.1159115877643273e-01
    -4.9139769374395126e+00 -1.1580951528353012e+02
    9.4194693976122869e+02 5.1057951184430983e-01
    -1.3984834810330107e-01 3.0092435812940728e-03
    -1.3179753991368539e+01 -9.7907873207931331e+01
    9.4729524793790745e+02 3.3983738829572996e-01
    -1.6626474519851051e-01 -2.0456248242186589e-01
    -2.0159750681585336e+01 -7.8280521027014132e+01
    9.4985158174759920e+02 -1.6757964454263540e-02
    -1.1100231207762648e-01 -4.8552689847063496e-01
    -2.1769519907278056e+01 -3.4433971506328426e+01
    9.7244485176169337e+02 -4.3937928413017707e-01
    2.1598669597597733e-01 -5.7258837009597285e-01
    -1.9816718502339338e+01 -8.3232199915772132e+00
    1.0287849072853089e+03 -4.3391683767752887e-01
    3.1440093247903611e-01 -5.0903691735747414e-01
    6.1563832853353269e+00 -6.6046633140730094e+01
    9.9231410770241541e+02 -2.7059614794935732e-01
    6.2393024576528799e-01 4.5428777887403221e-01 4.5323732199965029e+01
    -8.6462415564493213e+01 1.0362938487710060e+03
    -1.6828181195524378e-01 4.6232762082866713e-01
    4.2334777030959092e-01 3.4601009149293162e+01
    -9.2917651437205876e+01 1.0246550502814973e+03
    1.6220779930771076e-01 8.7488831855610405e-02 2.7740334998369243e-01
    1.9730859788868809e+01 -9.4132257796465936e+01
    9.8074173432763007e+02 2.3595474712448400e-01
    -2.1326180695499927e-01 5.4670812978840348e-02
    7.1955258969035683e+00 -7.1615616850522272e+01
    9.3956971827551604e+02 1.8813295069216987e-01
    -2.5556647454161324e-01 -8.9144342352009937e-02
    2.2565084697345483e+00 -6.2278690974882672e+01
    9.3923409622697784e+02 1.2198794831244611e-01
    -2.8021809398760428e-01 -2.8342251756621267e-01
    -2.9581759712582518e+00 -4.4708612676133640e+01
    9.3808446535784879e+02 -6.5497976302010111e-02
    2.7341584175849587e-01 -2.5938234926937931e-01
    -9.9101794168333477e+00 -3.4768019745566022e+01
    9.9143395626821734e+02</data></extrinsic_parameters>
