<?xml version="1.0"?>
<opencv_storage>
<calibration_time>"Mon Oct  7 15:34:48 2019"</calibration_time>
<nr_of_frames>28</nr_of_frames>
<image_width>648</image_width>
<image_height>486</image_height>
<board_width>9</board_width>
<board_height>6</board_height>
<square_size>18.</square_size>
<fix_aspect_ratio>1.</fix_aspect_ratio>
<!-- flags: +fix_aspectRatio +fix_principal_point +zero_tangent_dist -->
<flags>14</flags>
<fisheye_model>0</fisheye_model>
<camera_matrix type_id="opencv-matrix">
  <rows>3</rows>
  <cols>3</cols>
  <dt>d</dt>
  <data>
    9.2814976146025072e+02 0. 324. 0. 9.2814976146025072e+02 243. 0. 0.
    1.</data></camera_matrix>
<distortion_coefficients type_id="opencv-matrix">
  <rows>5</rows>
  <cols>1</cols>
  <dt>d</dt>
  <data>
    -8.0472795023993415e-01 4.6732053199792798e+00 0. 0.
    -2.8678390523113713e+01</data></distortion_coefficients>
<avg_reprojection_error>5.5988117352884781e-01</avg_reprojection_error>
<per_view_reprojection_errors type_id="opencv-matrix">
  <rows>28</rows>
  <cols>1</cols>
  <dt>f</dt>
  <data>
    3.83475095e-01 3.38206053e-01 2.10547373e-01 2.28536472e-01
    7.70814240e-01 5.81861198e-01 9.97949958e-01 1.20937622e+00
    1.28947139e+00 8.81199062e-01 8.08057427e-01 2.52591044e-01
    4.38515902e-01 2.25932255e-01 1.86758578e-01 2.06723511e-01
    5.35532713e-01 4.64737207e-01 1.14207484e-01 1.10099293e-01
    4.20586288e-01 4.00716960e-01 2.97118604e-01 4.51887399e-01
    4.30268437e-01 2.10547373e-01 2.28536472e-01 3.33653152e-01</data></per_view_reprojection_errors>
<!-- a set of 6-tuples (rotation vector + translation vector) for each view -->
<extrinsic_parameters type_id="opencv-matrix">
  <rows>28</rows>
  <cols>6</cols>
  <dt>d</dt>
  <data>
    -5.5950954506913220e-01 -1.8485357128567872e-01
    -3.0634403747427728e+00 1.2523241013233064e+02
    7.5469759430986102e+01 5.5841848103242728e+02 1.7051530298098160e-02
    -2.0424582782592368e-01 -3.1340566562045185e+00
    1.1458206288201700e+02 8.3306159274536242e+01 4.9473691781203132e+02
    6.3276298070824288e-01 -7.0061769938801781e-03
    -3.0184306370635374e+00 1.0764001156501403e+02
    6.0263891184568578e+01 5.1042532104213177e+02 6.3513422202573810e-01
    7.0562585700964077e-03 -3.0190739118650245e+00
    1.0448785792670186e+02 6.3324229499930823e+01 4.8308247960207518e+02
    6.9735648576302767e-02 3.9027262901006321e-01 2.9059610515027945e-01
    -2.5731705945702700e+01 -1.1285642110486296e+02
    6.0487150461838803e+02 -5.9913965928315305e-01
    -1.8545782160528362e-01 -3.0732546354638446e+00
    1.2713463377694902e+02 8.0746585182262393e+01 4.7484563587077372e+02
    1.6338338674270597e-01 3.3891646663147679e-01 3.5966184606942786e-01
    -1.8205168719543277e+01 -1.2248517902148625e+02
    5.9021354803217525e+02 2.1845129377731534e-01 3.0117508058093373e-01
    4.4461499987377373e-01 -6.1811697489971120e+00
    -1.3353638211698291e+02 5.7934432269284605e+02
    2.1539047391306076e-01 2.7982557619038428e-01 5.4216970575400969e-01
    9.7371785838025975e+00 -1.4562341417416275e+02
    5.7524850140141700e+02 -4.1830831625121140e-01
    6.8373416124547270e-01 4.0442455439762209e-01 1.8005739499089298e+01
    -9.7166367090167029e+01 6.3668149496948854e+02
    -4.4413748831584299e-01 6.8408812255446760e-01
    2.7405769006066671e-01 6.0964726772368314e+00
    -8.1765973857883608e+01 6.4470261344909568e+02
    -5.2031762797548331e-01 3.7540395385496167e-01
    -4.4976897705668673e-01 -7.0541714991610860e+01
    -9.0170653239148688e+00 6.4392970258278899e+02
    -3.1438147280565781e-01 7.3889644850024708e-02
    -3.9767768141178994e-01 -8.0369948609352704e+01
    -2.2252329077605165e+01 6.0399593466367821e+02
    -3.6819318517182525e-01 1.2253934632113837e-01
    -4.3620866523672280e-01 -8.0092447357190508e+01
    -1.8243824818611230e+01 6.1057373174906911e+02
    -4.2260880941464768e-01 1.9194387342710034e-01
    -4.5005949179235133e-01 -7.8669508973108165e+01
    -1.5622241522269604e+01 6.1970767584481052e+02
    -4.6473974571402621e-01 2.7763368629187862e-01
    -4.5371749793656901e-01 -7.5732921390215623e+01
    -1.2531442334923700e+01 6.3178879778053590e+02
    -5.8233861865573155e-01 -2.0605155613470863e-01
    -3.0580278877397555e+00 1.2574301949892774e+02
    7.7851169625295014e+01 5.1680132760654476e+02 1.5909884594876569e-01
    4.4332388969787917e-01 3.2459587957560287e-01
    -1.3639962373514789e+01 -1.1537841848968658e+02
    6.0663428281411939e+02 -3.5156898551979981e-02
    -2.7892625846265885e-02 -1.6204833879972680e+00
    1.3128045148448224e+00 7.4060193464566751e+01 5.4222049198306229e+02
    -5.8017466527919448e-02 -4.9852499532897568e-02
    -1.6136289318178920e+00 1.8358108721121369e+00
    7.3531139229818123e+01 5.0762997845401117e+02
    -5.6934010102505350e-01 -1.8785223588871075e-01
    -3.0624877337629677e+00 1.2544621367357249e+02
    7.6331146643772371e+01 5.3826186914720290e+02 1.1966870128275274e-01
    1.7973078391791186e-01 2.5560625031608866e+00 1.1408932338737053e+02
    -1.7378238940451840e+01 4.6958716810836847e+02
    8.0970835788301609e-02 1.3342901458725348e-01 2.5440856089638468e+00
    1.1736933685239272e+02 -1.4190237971142878e+01
    4.3627244781636114e+02 1.0472675572643692e-01 1.5437704607197028e-01
    2.5479595793349321e+00 1.1692623336853964e+02
    -1.4848965419153917e+01 4.4209152418296816e+02
    1.0897221953442419e-01 1.7519875088896292e-01 2.5535688683321793e+00
    1.1617076832969235e+02 -1.5721096626868285e+01
    4.5021054514717224e+02 6.3276298070824266e-01
    -7.0061769938801277e-03 -3.0184306370635370e+00
    1.0764001156501403e+02 6.0263891184568578e+01 5.1042532104213171e+02
    6.3513422202573844e-01 7.0562585700965222e-03
    -3.0190739118650245e+00 1.0448785792670186e+02
    6.3324229499930823e+01 4.8308247960207518e+02
    -1.0747185279418047e-02 2.0669271632567252e-01
    3.1303123710223510e+00 1.1415557552776404e+02 8.4615088038752333e+01
    4.8423155334351469e+02</data></extrinsic_parameters>
