<?xml version="1.0"?>
<opencv_storage>
<calibration_time>"Mon Oct  7 15:20:02 2019"</calibration_time>
<nr_of_frames>33</nr_of_frames>
<image_width>648</image_width>
<image_height>486</image_height>
<board_width>9</board_width>
<board_height>6</board_height>
<square_size>18.</square_size>
<fix_aspect_ratio>1.</fix_aspect_ratio>
<!-- flags: +fix_aspectRatio +fix_principal_point +zero_tangent_dist -->
<flags>14</flags>
<fisheye_model>0</fisheye_model>
<camera_matrix type_id="opencv-matrix">
  <rows>3</rows>
  <cols>3</cols>
  <dt>d</dt>
  <data>
    9.2693729998021729e+02 0. 324. 0. 9.2693729998021729e+02 243. 0. 0.
    1.</data></camera_matrix>
<distortion_coefficients type_id="opencv-matrix">
  <rows>5</rows>
  <cols>1</cols>
  <dt>d</dt>
  <data>
    -7.5049762081429172e-01 3.7453867965895982e+00 0. 0.
    -2.5718558330469794e+01</data></distortion_coefficients>
<avg_reprojection_error>5.5224660129600223e-01</avg_reprojection_error>
<per_view_reprojection_errors type_id="opencv-matrix">
  <rows>33</rows>
  <cols>1</cols>
  <dt>f</dt>
  <data>
    3.75683933e-01 3.36554825e-01 2.07433105e-01 7.98780382e-01
    7.01370895e-01 1.00346172e+00 1.21484435e+00 1.29182863e+00
    5.76954603e-01 8.79851580e-01 8.12317729e-01 2.48597488e-01
    4.37608600e-01 2.22051173e-01 1.83505699e-01 2.03502506e-01
    6.81569993e-01 3.56682777e-01 5.31083107e-01 4.63062614e-01
    1.03425868e-01 4.14338529e-01 1.31635189e-01 1.13722637e-01
    2.68591315e-01 2.86335796e-01 2.97082871e-01 4.49868917e-01
    4.26628202e-01 3.05345774e-01 4.06025410e-01 2.07433105e-01
    3.34458739e-01</data></per_view_reprojection_errors>
<!-- a set of 6-tuples (rotation vector + translation vector) for each view -->
<extrinsic_parameters type_id="opencv-matrix">
  <rows>33</rows>
  <cols>6</cols>
  <dt>d</dt>
  <data>
    -5.5999410404943406e-01 -1.8531575728471872e-01
    -3.0633398129428095e+00 1.2521983474266355e+02
    7.5462874681687509e+01 5.5801350701781996e+02 1.5753757873348428e-02
    -2.0728659023818280e-01 -3.1338447160217235e+00
    1.1457616870044190e+02 8.3289368999385061e+01 4.9425672925852234e+02
    6.3328157980300770e-01 -6.9421154844932047e-03
    -3.0183220830009208e+00 1.0762432609112156e+02
    6.0261748811152330e+01 5.1009489203551567e+02
    -2.2841994498958079e-01 5.4705199203480270e-01
    1.4011612327403922e-01 -3.0705149114608766e+01
    -7.8088127084000789e+01 6.4645952074818263e+02
    -1.2643235678490641e-01 5.0743793694602091e-01
    1.9971454756395965e-01 -2.8665588220123279e+01
    -9.2438109330736268e+01 6.3348638299268691e+02
    1.6379694649847201e-01 3.3833625425995673e-01 3.5965928407257941e-01
    -1.8212115781826327e+01 -1.2249506798453301e+02
    5.8993441541824347e+02 2.1908255649127892e-01 3.0081346624748351e-01
    4.4459053743744514e-01 -6.1875982247143400e+00
    -1.3353968907953097e+02 5.7902946909295588e+02
    2.1595084514729221e-01 2.7987802190243649e-01 5.4214642056227225e-01
    9.7313415383465447e+00 -1.4562164109270824e+02
    5.7487684228239550e+02 -6.0733557041115893e-01
    -2.0978490452552706e-01 -3.0597255079820656e+00
    1.2605015310289167e+02 7.9168444543590866e+01 4.9243547071797246e+02
    -4.1819496720191168e-01 6.8350121556159316e-01
    4.0447617057493285e-01 1.8005907104418728e+01
    -9.7189582015811467e+01 6.3643553469527865e+02
    -4.4391201227503102e-01 6.8391565279898159e-01
    2.7409370075767053e-01 6.0944556534100283e+00
    -8.1790323777310363e+01 6.4443503878375668e+02
    -5.2015520239749091e-01 3.7527193526377983e-01
    -4.4979322540225525e-01 -7.0551094419233848e+01
    -9.0212363316769135e+00 6.4344813955365316e+02
    -3.1418257383142467e-01 7.3664497570548881e-02
    -3.9769240314891435e-01 -8.0374461055789595e+01
    -2.2256005581550870e+01 6.0352352017147359e+02
    -3.6800488578472901e-01 1.2235002511816470e-01
    -4.3622430679042595e-01 -8.0098002391502177e+01
    -1.8247748467185993e+01 6.1010402198840791e+02
    -4.2243278522103833e-01 1.9177974774937159e-01
    -4.5007673126021192e-01 -7.8676333440145768e+01
    -1.5626389407915029e+01 6.1923793842050793e+02
    -4.6456815812157742e-01 2.7748728656607236e-01
    -4.5373767368301110e-01 -7.5741050022948386e+01
    -1.2535686876141840e+01 6.3131330051330349e+02
    1.7170306374317831e-01 3.7072961601963061e-01 2.6131674556376588e-01
    -2.2010692067355009e+01 -1.0918951898239378e+02
    5.9836006952025900e+02 1.2197702109790765e-01 5.1278368115927753e-01
    3.6209568858253477e-01 -7.7364040400822560e+00
    -1.1743014517013557e+02 6.1751514977462716e+02
    -5.8294644938092488e-01 -2.0616493499505034e-01
    -3.0579212524765667e+00 1.2572420605596925e+02
    7.7844155516980891e+01 5.1634122508022767e+02 1.5953654296766540e-01
    4.4287755812506652e-01 3.2460780583426635e-01
    -1.3647347819062338e+01 -1.1539186941675467e+02
    6.0635876968901653e+02 -5.6500680641759476e-02
    -5.0962352626127631e-02 -1.6136232808590971e+00
    1.8420820427951357e+00 7.3530004911841786e+01 5.0728411652261707e+02
    -5.6987551821640969e-01 -1.8817999612551112e-01
    -3.0623842030138166e+00 1.2543112010723961e+02
    7.6324227544994073e+01 5.3783709936830860e+02
    -4.9647698982645934e-02 -3.9167071315009391e-02
    -1.6167748549034289e+00 1.5746572848952847e+00
    7.3784232586330702e+01 5.1764336221111080e+02
    -4.1498721059949444e-02 -3.0487733726297657e-02
    -1.6201159953837894e+00 1.4436284760712457e+00
    7.4061261668771650e+01 5.2946611648973806e+02 1.0630705691125011e+00
    -2.9416573622823450e-02 -2.9348346091847310e+00
    8.8584419492758926e+01 7.4285650096940529e+01 5.1788831347319081e+02
    1.0786791736378412e+00 -3.3528856206840353e-02
    -2.9381731135743423e+00 8.5866068330561006e+01
    7.4436307646099110e+01 4.9268419370830003e+02 8.0877288283077428e-02
    1.3359666964538244e-01 2.5440820573513996e+00 1.1736705549820199e+02
    -1.4189990660880216e+01 4.3596155241099200e+02
    1.0435543260770277e-01 1.5441518030584864e-01 2.5479624829775172e+00
    1.1692677640482339e+02 -1.4848488293185634e+01
    4.4180046981951079e+02 1.0830865835307531e-01 1.7510373340577831e-01
    2.5535787667705514e+00 1.1617452607748565e+02
    -1.5720136550654258e+01 4.4994126580193984e+02
    3.7562973616319571e-02 -2.0153235990199692e-01
    -3.1311812379817230e+00 1.1558435513519228e+02
    8.2542775271531823e+01 5.0606278088097986e+02 1.1647178307673947e-01
    1.7125563425142842e-01 2.5551556130128574e+00 1.1503309628746604e+02
    -1.6548241278565513e+01 4.5913092589673039e+02
    6.3328157980300781e-01 -6.9421154844933790e-03
    -3.0183220830009208e+00 1.0762432609112156e+02
    6.0261748811152330e+01 5.1009489203551567e+02
    -8.8859613291609237e-03 2.1082952529758495e-01
    3.1300774989666218e+00 1.1414644797894923e+02 8.4591386436242445e+01
    4.8368904128322777e+02</data></extrinsic_parameters>
