<?xml version="1.0"?>
<opencv_storage>
<calibration_time>"Mon Oct  7 18:57:20 2019"</calibration_time>
<nr_of_frames>9</nr_of_frames>
<image_width>648</image_width>
<image_height>486</image_height>
<board_width>9</board_width>
<board_height>6</board_height>
<square_size>18.</square_size>
<fix_aspect_ratio>1.</fix_aspect_ratio>
<!-- flags: +fix_aspectRatio +fix_principal_point +zero_tangent_dist -->
<flags>14</flags>
<fisheye_model>0</fisheye_model>
<camera_matrix type_id="opencv-matrix">
  <rows>3</rows>
  <cols>3</cols>
  <dt>d</dt>
  <data>
    8.4540627330181758e+02 0. 324. 0. 8.4540627330181758e+02 243. 0. 0.
    1.</data></camera_matrix>
<distortion_coefficients type_id="opencv-matrix">
  <rows>5</rows>
  <cols>1</cols>
  <dt>d</dt>
  <data>
    -8.8152161979554833e-01 6.0427092053154023e+00 0. 0.
    -3.2977999733097029e+01</data></distortion_coefficients>
<avg_reprojection_error>6.2008581508886362e-01</avg_reprojection_error>
<per_view_reprojection_errors type_id="opencv-matrix">
  <rows>9</rows>
  <cols>1</cols>
  <dt>f</dt>
  <data>
    5.33606529e-01 5.03178358e-01 8.45139205e-01 1.06828737e+00
    5.37424028e-01 5.07433772e-01 4.00811583e-01 3.71705770e-01
    4.71175551e-01</data></per_view_reprojection_errors>
<!-- a set of 6-tuples (rotation vector + translation vector) for each view -->
<extrinsic_parameters type_id="opencv-matrix">
  <rows>9</rows>
  <cols>6</cols>
  <dt>d</dt>
  <data>
    -1.2414935127143364e-01 -4.2777665603254127e-02
    -3.8583084301063297e-01 -9.3126345008188153e+01
    -3.4719762900390030e+01 5.3788266196484767e+02
    -2.4506952892929187e-01 5.5329741768641305e-02
    -4.2496907549856705e-01 -9.5923190945270875e+01
    -2.8032818979626985e+01 5.5274289336944730e+02
    1.7018564358023044e-01 3.4169852425788794e-01 3.6100753889210974e-01
    -1.8236434708558420e+01 -1.2257178223750083e+02
    5.3604117236062029e+02 2.2400518635773356e-01 3.0536419238513068e-01
    4.4598701896172199e-01 -6.1890165511908384e+00
    -1.3357941806384420e+02 5.2529621061572891e+02
    -6.1230743756550376e-01 -2.0799118434263567e-01
    -3.0597323249581807e+00 1.2593824316631593e+02
    7.9119960183637986e+01 4.4345840302048344e+02
    -5.8676337461470052e-01 -2.0440178716526569e-01
    -3.0579992313526749e+00 1.2564536367569498e+02
    7.7812670567567963e+01 4.6555666051804110e+02
    -5.7288037609785536e-01 -1.8685928292073969e-01
    -3.0624775600879897e+00 1.2536892405712602e+02
    7.6297763112178103e+01 4.8535783899543566e+02
    -5.6272913291948123e-01 -1.8414130291872330e-01
    -3.0633963610114265e+00 1.2516089627179790e+02
    7.5439105866781915e+01 5.0383485351974662e+02
    -8.5501938320154169e-01 3.8935688431360201e-02
    -1.1889969472371807e-02 -5.8029047829986588e+01
    3.7183971230855772e+00 4.1369457740779603e+02</data></extrinsic_parameters>
<image_points type_id="opencv-matrix">
  <rows>9</rows>
  <cols>54</cols>
  <dt>"2f"</dt>
  <data>
    1.80749557e+02 1.89420105e+02 2.06363510e+02 1.78831543e+02
    2.32104584e+02 1.68485565e+02 2.58062927e+02 1.58174515e+02
    2.83782410e+02 1.48156815e+02 3.09637085e+02 1.38225555e+02
    3.35368073e+02 1.28472870e+02 3.60659027e+02 1.19060669e+02
    3.85705231e+02 1.09943375e+02 1.90224625e+02 2.15095261e+02
    2.15839615e+02 2.04426270e+02 2.41672974e+02 1.93900986e+02
    2.67801208e+02 1.83435730e+02 2.93780304e+02 1.73232300e+02
    3.19574158e+02 1.63088409e+02 3.45422485e+02 1.53064148e+02
    3.70789948e+02 1.43457443e+02 3.95932343e+02 1.34016205e+02
    1.99834976e+02 2.40848648e+02 2.25734146e+02 2.30220673e+02
    2.51629288e+02 2.19539246e+02 2.77779053e+02 2.08985016e+02
    3.03861847e+02 1.98483521e+02 3.29764648e+02 1.88290909e+02
    3.55687927e+02 1.78070602e+02 3.81260376e+02 1.68155869e+02
    4.06343048e+02 1.58470734e+02 2.10022049e+02 2.67173676e+02
    2.35832108e+02 2.56335449e+02 2.61876282e+02 2.45611130e+02
    2.88157227e+02 2.34779373e+02 3.14350067e+02 2.24292831e+02
    3.40311584e+02 2.13717987e+02 3.66370514e+02 2.03355438e+02
    3.91833344e+02 1.93239960e+02 4.17141266e+02 1.83335312e+02
    2.20261642e+02 2.93290894e+02 2.46308716e+02 2.82507599e+02
    2.72410431e+02 2.71598785e+02 2.98723389e+02 2.60778992e+02
    3.24909058e+02 2.50042419e+02 3.50980011e+02 2.39403427e+02
    3.76959351e+02 2.28721725e+02 4.02567627e+02 2.18419159e+02
    4.27819763e+02 2.08291168e+02 2.30721390e+02 3.19694275e+02
    2.56877045e+02 3.08714447e+02 2.83039032e+02 2.97908875e+02
    3.09537872e+02 2.86815369e+02 3.35668396e+02 2.75975983e+02
    3.61829803e+02 2.65130768e+02 3.87842041e+02 2.54426300e+02
    4.13494720e+02 2.43743912e+02 4.38680695e+02 2.33360947e+02
    1.79691376e+02 2.00898621e+02 2.04036835e+02 1.89418350e+02
    2.28493759e+02 1.77860275e+02 2.53417099e+02 1.66454987e+02
    2.78209106e+02 1.55156265e+02 3.03215820e+02 1.43969894e+02
    3.28268127e+02 1.32879211e+02 3.52996399e+02 1.22132828e+02
    3.77579559e+02 1.11516472e+02 1.89428833e+02 2.24897797e+02
    2.13813370e+02 2.13385010e+02 2.38558578e+02 2.01766434e+02
    2.63618713e+02 1.90153275e+02 2.88682556e+02 1.78690811e+02
    3.13796814e+02 1.67424698e+02 3.39072601e+02 1.56105438e+02
    3.63913605e+02 1.45074387e+02 3.88788879e+02 1.34332291e+02
    1.99327591e+02 2.49171082e+02 2.23909576e+02 2.37568649e+02
    2.48860458e+02 2.25828110e+02 2.74209595e+02 2.14227600e+02
    2.99385956e+02 2.02622589e+02 3.24696472e+02 1.91146194e+02
    3.50099030e+02 1.79691498e+02 3.75308990e+02 1.68506287e+02
    4.00157196e+02 1.57462601e+02 2.09589401e+02 2.73930359e+02
    2.34365631e+02 2.62183411e+02 2.59502136e+02 2.50526108e+02
    2.84896881e+02 2.38720505e+02 3.10393433e+02 2.27115479e+02
    3.35808563e+02 2.15472260e+02 3.61425659e+02 2.03816315e+02
    3.86640015e+02 1.92437653e+02 4.11763672e+02 1.81279984e+02
    2.19930634e+02 2.98691467e+02 2.44953278e+02 2.87246429e+02
    2.70281921e+02 2.75381104e+02 2.95859894e+02 2.63530914e+02
    3.21451874e+02 2.51672409e+02 3.47141815e+02 2.39926590e+02
    3.72792633e+02 2.28202103e+02 3.98322815e+02 2.16549515e+02
    4.23461121e+02 2.05191727e+02 2.30582535e+02 3.23845428e+02
    2.55750702e+02 3.12208435e+02 2.81230255e+02 3.00441864e+02
    3.07073425e+02 2.88529907e+02 3.32748016e+02 2.76602386e+02
    3.58526917e+02 2.64647705e+02 3.84454559e+02 2.52732025e+02
    4.09992126e+02 2.40976639e+02 4.35353729e+02 2.29399170e+02
    2.95338837e+02 5.84196396e+01 3.19335693e+02 6.58187027e+01
    3.44113190e+02 7.35803452e+01 3.69562531e+02 8.17359314e+01
    3.95305206e+02 9.04642639e+01 4.21546234e+02 9.95196304e+01
    4.48337921e+02 1.09103592e+02 4.75308228e+02 1.18912491e+02
    5.02407867e+02 1.29325485e+02 2.87251678e+02 8.32012100e+01
    3.11252014e+02 9.08834000e+01 3.35793030e+02 9.91758499e+01
    3.61129608e+02 1.07772026e+02 3.86689178e+02 1.16762001e+02
    4.12817139e+02 1.26253136e+02 4.39513611e+02 1.36221848e+02
    4.66338898e+02 1.46511169e+02 4.93360718e+02 1.57110229e+02
    2.79145477e+02 1.07765976e+02 3.02793579e+02 1.16117592e+02
    3.27317078e+02 1.24642258e+02 3.52437378e+02 1.33768188e+02
    3.77807831e+02 1.43248749e+02 4.03778290e+02 1.53061264e+02
    4.30358551e+02 1.63380646e+02 4.57002136e+02 1.73888687e+02
    4.83769135e+02 1.84892426e+02 2.70703644e+02 1.32785538e+02
    2.94356720e+02 1.41389252e+02 3.18452637e+02 1.50524368e+02
    3.43447540e+02 1.59866379e+02 3.68701477e+02 1.69656357e+02
    3.94501343e+02 1.79887314e+02 4.20680908e+02 1.90550751e+02
    4.47154785e+02 2.01525787e+02 4.73711761e+02 2.12668823e+02
    2.62259705e+02 1.57507614e+02 2.85605560e+02 1.66561874e+02
    3.09555634e+02 1.75930054e+02 3.34319031e+02 1.85789124e+02
    3.59306915e+02 1.95988754e+02 3.84792450e+02 2.06519318e+02
    4.10769196e+02 2.17451080e+02 4.37010651e+02 2.28652725e+02
    4.63359344e+02 2.40230209e+02 2.53664642e+02 1.82054749e+02
    2.76769989e+02 1.91438416e+02 3.00495087e+02 2.01333740e+02
    3.24925537e+02 2.11487671e+02 3.49625366e+02 2.21957672e+02
