<?xml version="1.0"?>
<opencv_storage>
<calibration_time>"Mon Oct  7 18:34:53 2019"</calibration_time>
<nr_of_frames>9</nr_of_frames>
<image_width>648</image_width>
<image_height>486</image_height>
<board_width>9</board_width>
<board_height>6</board_height>
<square_size>18.</square_size>
<fix_aspect_ratio>1.</fix_aspect_ratio>
<!-- flags: +fix_aspectRatio +fix_principal_point +zero_tangent_dist -->
<flags>14</flags>
<fisheye_model>0</fisheye_model>
<camera_matrix type_id="opencv-matrix">
  <rows>3</rows>
  <cols>3</cols>
  <dt>d</dt>
  <data>
    8.6340957930379557e+02 0. 324. 0. 8.6340957930379557e+02 243. 0. 0.
    1.</data></camera_matrix>
<distortion_coefficients type_id="opencv-matrix">
  <rows>5</rows>
  <cols>1</cols>
  <dt>d</dt>
  <data>
    -1.0336973838907986e+00 8.0104190197300955e+00 0. 0.
    -3.9373256647701965e+01</data></distortion_coefficients>
<avg_reprojection_error>7.1238008674753117e-01</avg_reprojection_error>
<per_view_reprojection_errors type_id="opencv-matrix">
  <rows>9</rows>
  <cols>1</cols>
  <dt>f</dt>
  <data>
    8.55390608e-01 1.06996822e+00 1.15676498e+00 5.48526466e-01
    5.57740510e-01 5.40240407e-01 3.88182819e-01 3.90782237e-01
    3.81478786e-01</data></per_view_reprojection_errors>
<!-- a set of 6-tuples (rotation vector + translation vector) for each view -->
<extrinsic_parameters type_id="opencv-matrix">
  <rows>9</rows>
  <cols>6</cols>
  <dt>d</dt>
  <data>
    1.6701890154493187e-01 3.4415079234693124e-01 3.6079321656814561e-01
    -1.8195763667958975e+01 -1.2250902405608484e+02
    5.4589025488007348e+02 2.1981727279595289e-01 3.0711308104661955e-01
    4.4588805350859700e-01 -6.1538051826094495e+00
    -1.3354843043924276e+02 5.3516900979633101e+02
    2.1649612024291839e-01 2.8650980445719060e-01 5.4367241451568227e-01
    9.7742369061491932e+00 -1.4562494864522480e+02
    5.3085042515558803e+02 -6.0328584612149583e-01
    -1.8090216993069339e-01 -3.0736493032649279e+00
    1.2705105760430628e+02 8.0719549509211689e+01 4.3591686374812542e+02
    -6.0919806469215054e-01 -2.0610551253101911e-01
    -3.0602975008719437e+00 1.2602857202637780e+02
    7.9166434462304082e+01 4.5290923794296458e+02
    -5.8426678070268923e-01 -2.0195867965477088e-01
    -3.0584839733520406e+00 1.2571029856210336e+02
    7.7853107671826834e+01 4.7520639290327250e+02
    -8.5364849835384982e-01 3.8563493471514110e-02
    -1.2031312052602106e-02 -5.8041702622151611e+01
    3.6797467005825597e+00 4.2073402371647745e+02
    -8.5591704390716428e-01 4.2510960280154012e-02
    -1.2029253702723643e-02 -5.8046488301488083e+01
    3.9682232930292773e+00 4.2143166839320230e+02
    -8.5593360756464087e-01 4.2644421891915724e-02
    -1.1687986972627497e-02 -5.8166652865796742e+01
    3.8824490187611858e+00 4.2199271854349075e+02</data></extrinsic_parameters>
<image_points type_id="opencv-matrix">
  <rows>9</rows>
  <cols>54</cols>
  <dt>"2f"</dt>
  <data>
    2.95338837e+02 5.84196396e+01 3.19335693e+02 6.58187027e+01
    3.44113190e+02 7.35803452e+01 3.69562531e+02 8.17359314e+01
    3.95305206e+02 9.04642639e+01 4.21546234e+02 9.95196304e+01
    4.48337921e+02 1.09103592e+02 4.75308228e+02 1.18912491e+02
    5.02407867e+02 1.29325485e+02 2.87251678e+02 8.32012100e+01
    3.11252014e+02 9.08834000e+01 3.35793030e+02 9.91758499e+01
    3.61129608e+02 1.07772026e+02 3.86689178e+02 1.16762001e+02
    4.12817139e+02 1.26253136e+02 4.39513611e+02 1.36221848e+02
    4.66338898e+02 1.46511169e+02 4.93360718e+02 1.57110229e+02
    2.79145477e+02 1.07765976e+02 3.02793579e+02 1.16117592e+02
    3.27317078e+02 1.24642258e+02 3.52437378e+02 1.33768188e+02
    3.77807831e+02 1.43248749e+02 4.03778290e+02 1.53061264e+02
    4.30358551e+02 1.63380646e+02 4.57002136e+02 1.73888687e+02
    4.83769135e+02 1.84892426e+02 2.70703644e+02 1.32785538e+02
    2.94356720e+02 1.41389252e+02 3.18452637e+02 1.50524368e+02
    3.43447540e+02 1.59866379e+02 3.68701477e+02 1.69656357e+02
    3.94501343e+02 1.79887314e+02 4.20680908e+02 1.90550751e+02
    4.47154785e+02 2.01525787e+02 4.73711761e+02 2.12668823e+02
    2.62259705e+02 1.57507614e+02 2.85605560e+02 1.66561874e+02
    3.09555634e+02 1.75930054e+02 3.34319031e+02 1.85789124e+02
    3.59306915e+02 1.95988754e+02 3.84792450e+02 2.06519318e+02
    4.10769196e+02 2.17451080e+02 4.37010651e+02 2.28652725e+02
    4.63359344e+02 2.40230209e+02 2.53664642e+02 1.82054749e+02
    2.76769989e+02 1.91438416e+02 3.00495087e+02 2.01333740e+02
    3.24925537e+02 2.11487671e+02 3.49625366e+02 2.21957672e+02
    3.74974243e+02 2.32818085e+02 4.00643280e+02 2.44018204e+02
    4.26533386e+02 2.55463593e+02 4.52616211e+02 2.67183105e+02
    3.13133331e+02 3.94259987e+01 3.37293457e+02 4.89603195e+01
    3.61803711e+02 5.91622887e+01 3.87154083e+02 6.98270187e+01
    4.12654877e+02 8.09447174e+01 4.38636292e+02 9.25850525e+01
    4.65002808e+02 1.04805527e+02 4.91404846e+02 1.17474411e+02
    5.17815308e+02 1.30571930e+02 3.03225830e+02 6.33430252e+01
    3.27101501e+02 7.33251648e+01 3.51580872e+02 8.37166061e+01
    3.76656586e+02 9.48812180e+01 4.01957733e+02 1.06420135e+02
    4.27728424e+02 1.18409019e+02 4.53853821e+02 1.30868652e+02
    4.80066162e+02 1.43791519e+02 5.06311554e+02 1.57221191e+02
    2.93229309e+02 8.71960907e+01 3.16711670e+02 9.76172485e+01
    3.40933502e+02 1.08539352e+02 3.65841705e+02 1.19962265e+02
    3.90899170e+02 1.31754868e+02 4.16438660e+02 1.44135422e+02
    4.42347015e+02 1.56952164e+02 4.68307556e+02 1.70168686e+02
    4.94336487e+02 1.83742737e+02 2.82647247e+02 1.11386597e+02
    3.06127594e+02 1.22108833e+02 3.30152130e+02 1.33385605e+02
    3.54622345e+02 1.45119125e+02 3.79504242e+02 1.57304245e+02
    4.04738800e+02 1.69909058e+02 4.30392883e+02 1.83022018e+02
    4.56002380e+02 1.96442413e+02 4.81751831e+02 2.10250000e+02
    2.72359863e+02 1.35211349e+02 2.95426849e+02 1.46363068e+02
    3.19126923e+02 1.57865738e+02 3.43370605e+02 1.69979080e+02
    3.67877655e+02 1.82456665e+02 3.92757935e+02 1.95353760e+02
    4.18092651e+02 2.08636063e+02 4.43482544e+02 2.22364090e+02
    4.68852234e+02 2.36356812e+02 2.61709961e+02 1.58862747e+02
    2.84572815e+02 1.70322205e+02 3.07879089e+02 1.82269852e+02
    3.31824829e+02 1.94610397e+02 3.55967773e+02 2.07414612e+02
    3.80615570e+02 2.20569977e+02 4.05514862e+02 2.34045532e+02
    4.30546356e+02 2.47908646e+02 4.55650208e+02 2.62085999e+02
    3.37160919e+02 2.04730835e+01 3.60597137e+02 3.23348732e+01
    3.84460114e+02 4.47064972e+01 4.08974426e+02 5.78440285e+01
    4.33580139e+02 7.14314728e+01 4.58508423e+02 8.55550537e+01
    4.83658630e+02 1.00379692e+02 5.08779388e+02 1.15550301e+02
    5.33855835e+02 1.31295380e+02 3.24930725e+02 4.32089195e+01
    3.48063995e+02 5.53351517e+01 3.71716492e+02 6.81388245e+01
    3.95898743e+02 8.15395355e+01 4.20370667e+02 9.54643478e+01
    4.45007965e+02 1.09880157e+02 4.69896210e+02 1.24872528e+02
    4.94826752e+02 1.40348694e+02 5.19691406e+02 1.56264008e+02
    3.12526764e+02 6.58463669e+01 3.35461700e+02 7.84114838e+01
    3.58690247e+02 9.15313110e+01 3.82621307e+02 1.05305084e+02
    4.06690613e+02 1.19433563e+02 4.31117340e+02 1.34186157e+02
    4.55777161e+02 1.49398468e+02 4.80451996e+02 1.65077148e+02
    5.05059723e+02 1.81128952e+02 2.99785858e+02 8.88646622e+01
    3.22352356e+02 1.01693047e+02 3.45479218e+02 1.15119247e+02
    3.68958466e+02 1.29133804e+02 3.92726776e+02 1.43573196e+02
    4.16742340e+02 1.58501633e+02 4.41223785e+02 1.73973114e+02
    4.65503296e+02 1.89758774e+02 4.89859955e+02 2.06032028e+02
    2.87030182e+02 1.11610771e+02 3.09263275e+02 1.24765343e+02
    3.31867584e+02 1.38465164e+02 3.55196472e+02 1.52722565e+02
    3.78570587e+02 1.67361420e+02 4.02346252e+02 1.82517883e+02
    4.26335205e+02 1.98229706e+02 4.50364624e+02 2.14262939e+02
    4.74426788e+02 2.30587616e+02 2.74117981e+02 1.34318237e+02
    2.96002899e+02 1.47606674e+02 3.18364014e+02 1.61583298e+02
    3.41194946e+02 1.76096954e+02 3.64280701e+02 1.91013290e+02
